[[2.67398935e+01 2.96234337e+01 3.24819142e+01]
 [2.94496957e+01 3.27132558e+01 3.62582449e+01]
 [3.27962115e+01 3.64307490e+01 4.02709189e+01]
 [3.65747700e+01 4.03127530e+01 4.44565729e+01]
 [4.05151291e+01 4.48534679e+01 4.91720842e+01]
 [4.51878959e+01 5.01312837e+01 5.45105278e+01]
 [4.98348621e+01 5.54221693e+01 6.06584154e+01]
 [5.54832825e+01 6.14223516e+01 6.63769013e+01]
 [6.13269290e+01 7.58224337e+01 6.11079412e+01]
 [6.64895659e+01 6.13747241e+01 5.47841693e+01]
 [6.13055744e+01 5.28888255e+01 4.63291217e+01]
 [5.41037381e+01 4.28382696e+01 3.52769083e+01]
 [4.42581231e+01 2.93369699e+01 2.08155771e+01]
 [3.11058092e+01 1.88581174e+01 1.10491611e+01]
 [1.81313447e+01 8.07502307e+00 3.59959360e+00]
 [8.58959952e+00 3.15881347e+00 1.53984187e+00]
 [3.24482660e+00 1.08033363e+00 5.72789713e-01]
 [1.15355003e+00 3.94433738e-01 1.56283396e-01]
 [4.49701512e-01 1.53099146e-01 7.28963356e-02]
 [1.80294011e-01 6.45029584e-02 2.27268941e-02]
 [6.22397494e-02 1.54109401e-02 6.44416614e-03]
 [1.92207053e-02 5.62591911e-03 1.06149678e-03]
 [5.17545694e-03 9.38264168e-04 2.85119612e-04]
 [1.63591064e-03 3.49091509e-04 8.40513020e-05]
 [3.32623898e-04 6.69974876e-05 2.10705461e-05]
 [5.66303222e-05 2.15366409e-05 4.08090533e-06]
 [1.16849317e-05 3.12654341e-06 6.85215236e-07]
 [3.37746743e-06 3.38085281e-07 9.46182266e-08]
 [6.17585929e-07 1.26503106e-07 3.19438490e-08]
 [1.14210463e-07 2.32719794e-08 3.82706814e-09]
 [2.95162928e-08 5.98711040e-09 7.40255957e-10]
 [3.77881111e-09 8.18959013e-10 4.53685114e-11]
 [6.49954609e-10 7.70304858e-11 1.51187502e-11]
 [5.68557195e-11 1.17119867e-11 9.20995342e-13]
 [1.31779756e-11 1.84310893e-12 2.72599036e-13]
 [1.12416543e-12 1.85102941e-13 2.77039841e-14]
 [1.26704255e-13 2.33333204e-14 4.33974541e-15]
 [1.62357070e-14 3.21444002e-15 2.38060696e-16]
 [1.63436993e-15 2.67828594e-16 5.10537988e-17]
 [4.07590426e-16 2.93742812e-17 9.06342787e-18]
 [5.03357131e-17 7.17499893e-18 1.74406023e-18]
 [1.06743359e-17 1.53198254e-18 3.84108729e-19]
 [2.25972028e-18 2.99022552e-19 6.75803274e-20]
 [4.84346754e-19 8.10720297e-20 3.97739512e-21]
 [5.34075791e-20 7.92747589e-21 1.34138432e-21]
 [6.33196783e-21 1.31457167e-21 3.29613857e-21]
 [1.58439251e-21 3.64296821e-21 1.74932104e-20]
 [4.06273230e-21 3.53833135e-20 9.81517964e-20]
 [3.39398698e-20 8.95343440e-20 4.22847822e-19]
 [1.02364532e-19 2.37741674e-19 1.83280194e-18]
 [5.54416720e-19 2.13219227e-18 9.43757750e-18]
 [2.60160945e-18 1.15027500e-17 5.34493193e-17]
 [7.89124342e-18 3.62986272e-17 2.08518274e-16]
 [5.30736015e-17 1.82416148e-16 8.89844031e-16]
 [2.42719952e-16 7.63011778e-16 3.47726724e-15]
 [8.74803030e-16 3.41170257e-15 1.77722930e-14]
 [5.37710745e-15 1.55756799e-14 7.22906784e-14]
 [1.27623546e-14 8.02536624e-14 3.02933180e-13]
 [4.44698655e-14 2.52705444e-13 1.19126433e-12]
 [3.89849113e-13 1.61237372e-12 7.74577097e-12]
 [2.14268004e-12 5.15549222e-12 3.78053164e-11]
 [8.70037537e-12 3.51116266e-11 1.65651258e-10]
 [3.02857592e-11 2.16133340e-10 1.37374311e-09]
 [3.61837610e-10 1.63920192e-09 7.40624768e-09]
 [1.58548266e-09 6.45351290e-09 2.55702918e-08]
 [6.67169101e-09 2.37106445e-08 9.80997910e-08]
 [2.48508345e-08 8.35559933e-08 3.21004259e-07]
 [1.26804761e-07 3.23060138e-07 1.16369678e-06]
 [4.46570285e-07 1.56109871e-06 3.72953334e-06]
 [1.73802443e-06 4.24503266e-06 1.53203626e-05]
 [6.11484818e-06 1.59684121e-05 5.36870983e-05]
 [1.42451751e-05 4.12003064e-05 1.40315970e-04]
 [4.10063151e-05 1.52053633e-04 4.26062020e-04]
 [1.59046389e-04 5.89217673e-04 1.28176505e-03]
 [4.88938388e-04 1.30192659e-03 3.16450527e-03]
 [1.34786482e-03 3.31630549e-03 7.58798564e-03]
 [3.62892108e-03 7.30702685e-03 1.82151145e-02]
 [7.51369992e-03 1.77795437e-02 4.46934904e-02]
 [1.89190790e-02 3.46581684e-02 9.63148507e-02]
 [4.84325049e-02 1.02687829e-01 2.31240050e-01]
 [1.15963943e-01 2.17229293e-01 3.99988658e-01]
 [2.38968852e-01 3.91608773e-01 7.29919245e-01]
 [4.55126908e-01 7.72189753e-01 1.22984378e+00]
 [7.69351357e-01 1.19212568e+00 1.89532547e+00]
 [1.34878229e+00 1.80668773e+00 2.90024622e+00]
 [1.98045624e+00 2.69871398e+00 4.25373982e+00]
 [3.10242367e+00 4.04947398e+00 6.05319009e+00]
 [4.67801549e+00 5.81212586e+00 7.70781970e+00]
 [6.30012065e+00 7.55347700e+00 9.22296470e+00]
 [8.00977536e+00 9.14352123e+00 1.04822212e+01]
 [9.42653555e+00 1.04843385e+01 1.13592387e+01]
 [1.04302110e+01 1.15443112e+01 1.26630015e+01]
 [1.16201883e+01 1.28758206e+01 1.39677824e+01]
 [1.28409660e+01 1.43034638e+01 1.56665746e+01]
 [1.42742923e+01 1.59184711e+01 1.73226230e+01]
 [1.57964287e+01 1.76849840e+01 1.91217344e+01]
 [1.75484868e+01 1.94798056e+01 2.13283416e+01]
 [1.95001788e+01 2.17061199e+01 2.37317358e+01]
 [2.16305154e+01 2.41609290e+01 2.64049410e+01]
 [2.41564736e+01 2.66331377e+01 2.93653782e+01]]