[[3.87863740e-01 1.15362032e+00 4.16921598e+00]
 [1.61064597e+00 4.11615969e+00 1.04517165e+01]
 [5.42772998e+00 1.04746162e+01 1.96510773e+01]
 [1.20395967e+01 1.83866265e+01 3.21764255e+01]
 [2.25055714e+01 3.13555650e+01 4.48916601e+01]
 [3.57868585e+01 4.28505552e+01 5.45109955e+01]
 [4.59476075e+01 5.33564355e+01 6.09179634e+01]
 [5.48670499e+01 6.14006378e+01 6.72868084e+01]
 [6.09162052e+01 7.81153735e+01 6.14981667e+01]
 [6.76505248e+01 6.12089088e+01 5.52245633e+01]
 [6.14330896e+01 5.53697242e+01 4.95861309e+01]
 [5.54959658e+01 4.96316327e+01 4.48953082e+01]
 [5.01081127e+01 4.48101240e+01 4.00563231e+01]
 [4.53666045e+01 4.02690378e+01 3.60973336e+01]
 [4.08485445e+01 3.63113712e+01 3.27100049e+01]
 [3.65061937e+01 3.27707100e+01 2.95349536e+01]
 [3.26613072e+01 2.93990783e+01 2.66266189e+01]
 [2.95734203e+01 2.68123168e+01 2.39160637e+01]
 [2.67699472e+01 2.37445863e+01 2.16128650e+01]
 [2.42421036e+01 2.15702750e+01 1.94643840e+01]
 [2.18157625e+01 1.94279306e+01 1.75129875e+01]
 [1.96099632e+01 1.75618991e+01 1.57788084e+01]
 [1.75497702e+01 1.57785639e+01 1.42120750e+01]
 [1.58501905e+01 1.42420996e+01 1.29264259e+01]
 [1.42433714e+01 1.27986141e+01 1.16428427e+01]
 [1.28795230e+01 1.15535101e+01 1.04530374e+01]
 [1.16388633e+01 1.04093088e+01 9.36305425e+00]
 [1.04282505e+01 9.40452049e+00 8.49847997e+00]
 [9.39735690e+00 8.51011375e+00 7.63564304e+00]
 [8.42564197e+00 7.65227883e+00 6.90219644e+00]
 [7.61075451e+00 6.91870201e+00 6.20413819e+00]
 [6.92289788e+00 5.96018546e+00 5.26142312e+00]
 [6.08392680e+00 4.87524203e+00 4.11499597e+00]
 [5.04497865e+00 3.70242197e+00 2.92304459e+00]
 [3.85451792e+00 2.71698678e+00 2.15101067e+00]
 [2.87293386e+00 1.93405726e+00 1.45394196e+00]
 [2.01822610e+00 1.28291862e+00 9.21552009e-01]
 [1.35302194e+00 8.55635113e-01 5.87107081e-01]
 [8.93521288e-01 5.45267483e-01 3.28944166e-01]
 [5.29446429e-01 3.24877712e-01 1.90144102e-01]
 [3.06571593e-01 1.57930634e-01 9.11282225e-02]
 [1.61063323e-01 7.97277325e-02 3.99794281e-02]
 [7.44077444e-02 3.62839960e-02 2.07299614e-02]
 [3.89619992e-02 1.93079374e-02 9.16730465e-03]
 [1.81052183e-02 7.46179245e-03 3.89333173e-03]
 [8.13464620e-03 2.76558895e-03 1.65266853e-03]
 [4.00774332e-03 1.14373518e-03 5.33928927e-04]
 [1.39094760e-03 4.27241762e-04 1.11000916e-04]
 [3.69042871e-04 1.03929645e-04 3.30598088e-05]
 [9.62420677e-05 3.06759641e-05 1.10165867e-05]
 [3.82240848e-05 7.03854620e-06 4.14800350e-06]
 [1.01087823e-05 2.94490119e-06 6.90931434e-07]
 [2.27555800e-06 8.77454533e-07 1.89177797e-07]
 [5.67693101e-07 1.60772346e-07 4.06728155e-08]
 [1.25956009e-07 2.95610649e-08 1.00327712e-08]
 [3.79035457e-08 8.56022585e-09 3.01631285e-09]
 [9.47815279e-09 2.38366547e-09 8.49775580e-10]
 [3.17645381e-09 8.16413844e-10 2.42042310e-10]
 [8.26334068e-10 1.05627112e-10 2.49950842e-11]
 [1.68615014e-10 2.83487314e-11 3.56577263e-12]
 [1.62303518e-11 2.39993878e-12 5.36330172e-13]
 [4.34735086e-12 5.75649593e-13 1.91523924e-13]
 [5.27918991e-13 9.55513808e-14 8.76215365e-15]
 [8.00221637e-14 1.30992962e-14 1.11605392e-15]
 [8.84392086e-15 1.22077088e-15 2.31997046e-16]
 [1.19155726e-15 2.10950864e-16 2.90259487e-17]
 [2.34864170e-16 3.31117447e-17 7.58307354e-18]
 [1.34961506e-17 2.13875579e-18 2.29074923e-19]
 [2.78838600e-18 4.26551033e-20 5.34262305e-20]
 [1.18449893e-19 3.57382888e-20 1.49797950e-19]
 [5.91446819e-20 1.79176796e-19 7.51438712e-19]
 [2.17910597e-19 9.56933669e-19 3.03048131e-18]
 [8.74699314e-19 3.54700708e-18 9.88769674e-18]
 [2.60307847e-18 1.39314563e-17 4.23285494e-17]
 [8.31674032e-18 2.48178972e-17 1.70302002e-16]
 [3.34556193e-17 1.95032436e-16 9.74632581e-16]
 [1.87484309e-16 6.34546728e-16 2.26233897e-15]
 [6.02123771e-16 2.54729365e-15 9.41923356e-15]
 [2.26679391e-15 9.95068903e-15 2.84838946e-14]
 [9.02466157e-15 2.78195662e-14 7.93769410e-14]
 [3.19907264e-14 7.61414751e-14 2.31280735e-13]
 [6.37782224e-14 2.25918154e-13 7.78521459e-13]
 [1.96978410e-13 6.96557486e-13 3.72957031e-12]
 [5.71622589e-13 2.75798494e-12 1.94184101e-11]
 [3.83704911e-12 1.40342399e-11 8.13717148e-11]
 [3.02242104e-11 1.15570083e-10 7.13005545e-10]
 [1.10795745e-10 6.77709846e-10 4.18072072e-09]
 [8.90719170e-10 5.16043443e-09 2.57226770e-08]
 [4.25509293e-09 3.18993998e-08 1.64636162e-07]
 [3.67744374e-08 1.49344273e-07 8.31870239e-07]
 [1.19308262e-07 5.19160322e-07 2.80103465e-06]
 [6.76508110e-07 4.12320587e-06 1.77896022e-05]
 [2.89698830e-06 1.65300658e-05 1.55228635e-04]
 [2.51307706e-05 1.29257086e-04 5.39594880e-04]
 [1.47318796e-04 7.58899767e-04 3.40384863e-03]
 [1.15311235e-03 2.45910293e-03 1.14194622e-02]
 [3.15357816e-03 7.54747343e-03 3.19654336e-02]
 [1.03206318e-02 3.14647707e-02 1.17449565e-01]
 [4.07171237e-02 1.12663534e-01 3.64586193e-01]
 [1.26984465e-01 3.57823947e-01 1.20199907e+00]]